((12, 2014), 3)
((12, 2013), 13)
((12, 2011), 66)
((12, 2007), 5)
((12, 2006), 130)
((12, 2005), 1)
((12, 2000), 44)
((12, 1999), 1)
((12, 1994), 21)
((12, 1993), 2)
((12, 1991), 9)
((12, 1990), 5)
((12, 1989), 10)
((12, 1987), 3)
((12, 1986), 70)
((12, 1984), 10)
((12, 1983), 4)
((12, 1979), 51)
((12, 1977), 15)
((12, 1975), 1)
((12, 1974), 9)
((12, 1972), 14)
((12, 1971), 36)
((12, 1970), 2)
((12, 1967), 13)
((12, 1964), 32)
((12, 1963), 1)
((12, 1961), 12)
((12, 1960), 2)
((12, 1958), 5)
((12, 1957), 4)
((12, 1956), 11)
((12, 1955), 13)
((12, 1954), 7)
((12, 1953), 62)
((12, 1951), 7)
((12, 1950), 1)
((11, 2014), 160)
((11, 2013), 123)
((11, 2012), 60)
((11, 2011), 204)
((11, 2010), 55)
((11, 2009), 120)
((11, 2008), 107)
((11, 2007), 150)
((11, 2006), 147)
((11, 2005), 199)
((11, 2004), 134)
((11, 2003), 86)
((11, 2001), 156)
((11, 2000), 96)
((11, 1999), 228)
((11, 1997), 81)
((11, 1996), 181)
((11, 1995), 27)
((11, 1994), 121)
((11, 1993), 1)
((11, 1992), 47)
((11, 1991), 39)
((11, 1990), 71)
((11, 1989), 144)
((11, 1988), 3)
((11, 1987), 50)
((11, 1986), 151)
((11, 1985), 20)
((11, 1984), 183)
((11, 1983), 174)
((11, 1982), 184)
((11, 1981), 53)
((11, 1980), 71)
((11, 1979), 30)
((11, 1978), 235)
((11, 1977), 197)
((11, 1976), 42)
((11, 1975), 190)
((11, 1974), 35)
((11, 1973), 133)
((11, 1972), 182)
((11, 1971), 244)
((11, 1970), 47)
((11, 1969), 152)
((11, 1968), 88)
((11, 1967), 109)
((11, 1966), 76)
((11, 1965), 79)
((11, 1964), 37)
((11, 1963), 29)
((11, 1962), 85)
((11, 1961), 156)
((11, 1960), 20)
((11, 1959), 24)
((11, 1958), 16)
((11, 1957), 60)
((11, 1956), 4)
((11, 1955), 26)
((11, 1954), 26)
((11, 1953), 45)
((11, 1952), 1)
((11, 1951), 29)
((11, 1950), 2)
((10, 2014), 272)
((10, 2013), 271)
((10, 2012), 246)
((10, 2011), 281)
((10, 2010), 280)
((10, 2009), 168)
((10, 2008), 227)
((10, 2007), 269)
((10, 2006), 281)
((10, 2005), 299)
((10, 2004), 258)
((10, 2003), 204)
((10, 2002), 188)
((10, 2001), 282)
((10, 2000), 316)
((10, 1999), 246)
((10, 1998), 234)
((10, 1997), 230)
((10, 1996), 302)
((10, 1995), 303)
((10, 1994), 265)
((10, 1993), 214)
((10, 1992), 272)
((10, 1991), 275)
((10, 1990), 298)
((10, 1989), 245)
((10, 1988), 292)
((10, 1987), 319)
((10, 1986), 301)
((10, 1985), 318)
((10, 1984), 324)
((10, 1983), 246)
((10, 1982), 318)
((10, 1981), 329)
((10, 1980), 255)
((10, 1979), 275)
((10, 1978), 341)
((10, 1977), 305)
((10, 1976), 273)
((10, 1975), 341)
((10, 1974), 282)
((10, 1973), 351)
((10, 1972), 378)
((10, 1971), 352)
((10, 1970), 347)
((10, 1969), 346)
((10, 1968), 249)
((10, 1967), 335)
((10, 1966), 269)
((10, 1965), 341)
((10, 1964), 291)
((10, 1963), 295)
((10, 1962), 305)
((10, 1961), 268)
((10, 1960), 108)
((10, 1959), 126)
((10, 1958), 126)
((10, 1957), 93)
((10, 1956), 106)
((10, 1955), 120)
((10, 1954), 93)
((10, 1953), 115)
((10, 1952), 67)
((10, 1951), 113)
((10, 1950), 46)
((9, 2014), 296)
((9, 2013), 299)
((9, 2012), 306)
((9, 2011), 315)
((9, 2010), 316)
((9, 2009), 312)
((9, 2008), 302)
((9, 2007), 301)
((9, 2006), 309)
((9, 2005), 307)
((9, 2004), 321)
((9, 2003), 320)
((9, 2002), 323)
((9, 2001), 322)
((9, 2000), 322)
((9, 1999), 328)
((9, 1998), 326)
((9, 1997), 340)
((9, 1996), 340)
((9, 1995), 315)
((9, 1994), 299)
((9, 1993), 281)
((9, 1992), 304)
((9, 1991), 313)
((9, 1990), 312)
((9, 1989), 316)
((9, 1988), 315)
((9, 1987), 323)
((9, 1986), 324)
((9, 1985), 327)
((9, 1984), 327)
((9, 1983), 332)
((9, 1982), 334)
((9, 1981), 335)
((9, 1980), 338)
((9, 1979), 351)
((9, 1978), 358)
((9, 1977), 353)
((9, 1976), 365)
((9, 1975), 369)
((9, 1974), 370)
((9, 1973), 376)
((9, 1972), 375)
((9, 1971), 374)
((9, 1970), 369)
((9, 1969), 359)
((9, 1968), 356)
((9, 1967), 361)
((9, 1966), 361)
((9, 1965), 358)
((9, 1964), 298)
((9, 1963), 310)
((9, 1962), 300)
((9, 1961), 269)
((9, 1960), 127)
((9, 1959), 127)
((9, 1958), 129)
((9, 1957), 129)
((9, 1956), 127)
((9, 1955), 126)
((9, 1954), 119)
((9, 1953), 117)
((9, 1952), 114)
((9, 1951), 112)
((9, 1950), 50)
((8, 2014), 296)
((8, 2013), 300)
((8, 2012), 310)
((8, 2011), 316)
((8, 2010), 318)
((8, 2009), 311)
((8, 2008), 313)
((8, 2007), 302)
((8, 2006), 309)
((8, 2005), 306)
((8, 2004), 320)
((8, 2003), 320)
((8, 2002), 322)
((8, 2001), 323)
((8, 2000), 325)
((8, 1999), 327)
((8, 1998), 326)
((8, 1997), 337)
((8, 1996), 341)
((8, 1995), 318)
((8, 1994), 300)
((8, 1993), 293)
((8, 1992), 310)
((8, 1991), 315)
((8, 1990), 316)
((8, 1989), 316)
((8, 1988), 316)
((8, 1987), 320)
((8, 1986), 304)
((8, 1985), 314)
((8, 1984), 318)
((8, 1983), 330)
((8, 1982), 326)
((8, 1981), 334)
((8, 1980), 330)
((8, 1979), 340)
((8, 1978), 350)
((8, 1977), 354)
((8, 1976), 363)
((8, 1975), 367)
((8, 1974), 372)
((8, 1973), 373)
((8, 1972), 376)
((8, 1971), 375)
((8, 1970), 370)
((8, 1969), 357)
((8, 1968), 357)
((8, 1967), 358)
((8, 1966), 359)
((8, 1965), 354)
((8, 1964), 300)
((8, 1963), 311)
((8, 1962), 301)
((8, 1961), 269)
((8, 1960), 127)
((8, 1959), 125)
((8, 1958), 130)
((8, 1957), 130)
((8, 1956), 127)
((8, 1955), 124)
((8, 1954), 119)
((8, 1953), 119)
((8, 1952), 115)
((8, 1951), 112)
((8, 1950), 49)
((7, 2014), 297)
((7, 2013), 301)
((7, 2012), 310)
((7, 2011), 319)
((7, 2010), 318)
((7, 2009), 312)
((7, 2008), 314)
((7, 2007), 304)
((7, 2006), 310)
((7, 2005), 307)
((7, 2004), 319)
((7, 2003), 321)
((7, 2002), 324)
((7, 2001), 324)
((7, 2000), 320)
((7, 1999), 329)
((7, 1998), 326)
((7, 1997), 333)
((7, 1996), 342)
((7, 1995), 291)
((7, 1994), 302)
((7, 1993), 291)
((7, 1992), 311)
((7, 1991), 315)
((7, 1990), 308)
((7, 1989), 312)
((7, 1988), 306)
((7, 1987), 319)
((7, 1986), 294)
((7, 1985), 304)
((7, 1984), 312)
((7, 1983), 319)
((7, 1982), 321)
((7, 1981), 329)
((7, 1980), 324)
((7, 1979), 345)
((7, 1978), 343)
((7, 1977), 350)
((7, 1976), 356)
((7, 1975), 358)
((7, 1974), 362)
((7, 1973), 370)
((7, 1972), 374)
((7, 1971), 370)
((7, 1970), 362)
((7, 1969), 349)
((7, 1968), 353)
((7, 1967), 351)
((7, 1966), 352)
((7, 1965), 349)
((7, 1964), 301)
((7, 1963), 308)
((7, 1962), 300)
((7, 1961), 266)
((7, 1960), 126)
((7, 1959), 126)
((7, 1958), 129)
((7, 1957), 130)
((7, 1956), 127)
((7, 1955), 124)
((7, 1954), 119)
((7, 1953), 118)
((7, 1952), 115)
((7, 1951), 111)
((7, 1950), 49)
((6, 2014), 298)
((6, 2013), 302)
((6, 2012), 310)
((6, 2011), 318)
((6, 2010), 320)
((6, 2009), 310)
((6, 2008), 316)
((6, 2007), 303)
((6, 2006), 310)
((6, 2005), 311)
((6, 2004), 319)
((6, 2003), 323)
((6, 2002), 326)
((6, 2001), 324)
((6, 2000), 321)
((6, 1999), 330)
((6, 1998), 326)
((6, 1997), 338)
((6, 1996), 345)
((6, 1995), 294)
((6, 1994), 303)
((6, 1993), 289)
((6, 1992), 310)
((6, 1991), 321)
((6, 1990), 313)
((6, 1989), 315)
((6, 1988), 322)
((6, 1987), 323)
((6, 1986), 314)
((6, 1985), 324)
((6, 1984), 324)
((6, 1983), 337)
((6, 1982), 339)
((6, 1981), 331)
((6, 1980), 332)
((6, 1979), 351)
((6, 1978), 354)
((6, 1977), 364)
((6, 1976), 368)
((6, 1975), 368)
((6, 1974), 372)
((6, 1973), 377)
((6, 1972), 375)
((6, 1971), 374)
((6, 1970), 369)
((6, 1969), 352)
((6, 1968), 357)
((6, 1967), 359)
((6, 1966), 360)
((6, 1965), 355)
((6, 1964), 303)
((6, 1963), 310)
((6, 1962), 297)
((6, 1961), 268)
((6, 1960), 127)
((6, 1959), 128)
((6, 1958), 130)
((6, 1957), 128)
((6, 1956), 127)
((6, 1955), 125)
((6, 1954), 119)
((6, 1953), 119)
((6, 1952), 114)
((6, 1951), 110)
((6, 1950), 47)
((5, 2014), 296)
((5, 2013), 301)
((5, 2012), 308)
((5, 2011), 316)
((5, 2010), 319)
((5, 2009), 308)
((5, 2008), 316)
((5, 2007), 300)
((5, 2006), 307)
((5, 2005), 303)
((5, 2004), 321)
((5, 2003), 321)
((5, 2002), 324)
((5, 2001), 316)
((5, 2000), 323)
((5, 1999), 325)
((5, 1998), 322)
((5, 1997), 320)
((5, 1996), 342)
((5, 1995), 292)
((5, 1994), 299)
((5, 1993), 292)
((5, 1992), 311)
((5, 1991), 294)
((5, 1990), 309)
((5, 1989), 318)
((5, 1988), 320)
((5, 1987), 321)
((5, 1986), 317)
((5, 1985), 325)
((5, 1984), 333)
((5, 1983), 336)
((5, 1982), 330)
((5, 1981), 337)
((5, 1980), 337)
((5, 1979), 354)
((5, 1978), 352)
((5, 1977), 352)
((5, 1976), 369)
((5, 1975), 367)
((5, 1974), 370)
((5, 1973), 377)
((5, 1972), 376)
((5, 1971), 373)
((5, 1970), 366)
((5, 1969), 338)
((5, 1968), 356)
((5, 1967), 363)
((5, 1966), 355)
((5, 1965), 346)
((5, 1964), 305)
((5, 1963), 310)
((5, 1962), 293)
((5, 1961), 268)
((5, 1960), 127)
((5, 1959), 127)
((5, 1958), 129)
((5, 1957), 126)
((5, 1956), 125)
((5, 1955), 121)
((5, 1954), 119)
((5, 1953), 118)
((5, 1952), 114)
((5, 1951), 99)
((5, 1950), 46)
((4, 2014), 254)
((4, 2013), 209)
((4, 2012), 218)
((4, 2011), 289)
((4, 2010), 223)
((4, 2009), 276)
((4, 2008), 298)
((4, 2007), 264)
((4, 2006), 234)
((4, 2005), 256)
((4, 2004), 269)
((4, 2003), 293)
((4, 2002), 292)
((4, 2001), 235)
((4, 2000), 273)
((4, 1999), 279)
((4, 1998), 275)
((4, 1997), 194)
((4, 1996), 266)
((4, 1995), 190)
((4, 1994), 271)
((4, 1993), 279)
((4, 1992), 183)
((4, 1991), 267)
((4, 1990), 281)
((4, 1989), 274)
((4, 1988), 223)
((4, 1987), 263)
((4, 1986), 266)
((4, 1985), 142)
((4, 1984), 313)
((4, 1983), 239)
((4, 1982), 252)
((4, 1981), 253)
((4, 1980), 265)
((4, 1979), 228)
((4, 1978), 245)
((4, 1977), 241)
((4, 1976), 301)
((4, 1975), 274)
((4, 1974), 349)
((4, 1973), 246)
((4, 1972), 262)
((4, 1971), 251)
((4, 1970), 151)
((4, 1969), 300)
((4, 1968), 326)
((4, 1967), 288)
((4, 1966), 311)
((4, 1965), 310)
((4, 1964), 269)
((4, 1963), 286)
((4, 1962), 274)
((4, 1961), 247)
((4, 1960), 100)
((4, 1959), 116)
((4, 1958), 81)
((4, 1957), 108)
((4, 1956), 88)
((4, 1955), 83)
((4, 1954), 68)
((4, 1953), 106)
((4, 1952), 108)
((4, 1951), 89)
((4, 1950), 37)
((3, 2014), 170)
((3, 2013), 9)
((3, 2012), 173)
((3, 2011), 105)
((3, 2010), 68)
((3, 2009), 51)
((3, 2008), 75)
((3, 2007), 203)
((3, 2006), 5)
((3, 2005), 132)
((3, 2004), 139)
((3, 2003), 143)
((3, 2002), 161)
((3, 2001), 1)
((3, 2000), 158)
((3, 1999), 153)
((3, 1998), 146)
((3, 1997), 158)
((3, 1996), 3)
((3, 1995), 65)
((3, 1994), 92)
((3, 1993), 108)
((3, 1992), 79)
((3, 1991), 167)
((3, 1990), 197)
((3, 1989), 139)
((3, 1988), 10)
((3, 1987), 36)
((3, 1986), 19)
((3, 1984), 3)
((3, 1983), 18)
((3, 1982), 204)
((3, 1981), 129)
((3, 1980), 4)
((3, 1979), 14)
((3, 1978), 108)
((3, 1977), 115)
((3, 1976), 57)
((3, 1975), 37)
((3, 1974), 234)
((3, 1973), 281)
((3, 1972), 188)
((3, 1971), 18)
((3, 1970), 1)
((3, 1968), 207)
((3, 1967), 171)
((3, 1966), 47)
((3, 1965), 187)
((3, 1964), 50)
((3, 1963), 1)
((3, 1962), 2)
((3, 1961), 201)
((3, 1960), 20)
((3, 1959), 66)
((3, 1958), 4)
((3, 1957), 72)
((3, 1956), 67)
((3, 1955), 1)
((3, 1954), 36)
((3, 1953), 79)
((3, 1952), 2)
((3, 1950), 27)
((2, 2014), 16)
((2, 2013), 6)
((2, 2012), 62)
((2, 2008), 27)
((2, 2004), 5)
((2, 2003), 3)
((2, 2002), 32)
((2, 2001), 11)
((2, 2000), 5)
((2, 1998), 62)
((2, 1997), 2)
((2, 1995), 2)
((2, 1993), 20)
((2, 1992), 8)
((2, 1991), 1)
((2, 1990), 155)
((2, 1989), 46)
((2, 1976), 29)
((2, 1975), 19)
((2, 1974), 10)
((2, 1973), 6)
((2, 1971), 1)
((2, 1964), 1)
((2, 1962), 2)
((2, 1961), 59)
((2, 1960), 2)
((2, 1959), 21)
((2, 1958), 1)
((2, 1957), 2)
((2, 1956), 2)
((2, 1955), 3)
((2, 1954), 1)
((2, 1953), 8)
((2, 1952), 1)
((2, 1951), 1)
((1, 2007), 53)
((1, 2005), 37)
((1, 1998), 4)
((1, 1993), 6)
((1, 1992), 28)
((1, 1991), 1)
((1, 1990), 3)
((1, 1989), 29)
((1, 1988), 2)
((1, 1984), 2)
((1, 1983), 36)
((1, 1979), 1)
((1, 1975), 18)
((1, 1973), 24)
((1, 1972), 1)
((1, 1971), 23)
((1, 1970), 1)
((1, 1968), 2)
((1, 1960), 1)
((1, 1959), 3)
((1, 1958), 1)
((1, 1957), 2)
((1, 1956), 3)
((1, 1955), 3)
((1, 1954), 4)
